-367547725.1904762
8986637.350649351
494664370.32608694
31333014.63768116
-159823381.18867925
2549745.375
327843957.72
77237155.5
307541719.28571427
-119504235.10144928
26808330.666666668
-184512251.0819672
-78164799.19565217
-167372635.68888888
-178421148.25
-547420145.3703704
-38148982.26923077
-63129300.942857146
107434440.9090909
-125466161.76190476
-5367796.7
-218315099.30555555
-152493484.0
199356588.95945945
348162850.2692308
54947578.057971016
-28555935.80487805
-3598965.904761905
74175734.5076923
-305355814.8214286
76997785.66666667
167795447.76923078
-263221771.88157895
28681667.568965517
40242281.376811594
220139439.8653846
336158841.14285713
-66237706.8630137
-138937542.26086956
-450758756.88
-157960186.5882353
-95680198.44827586
-17460010.23529412
-12179739.569620254
-303459036.2
-356611001.03846157
-639858140.05
77502775.48051947
45528513.2
-14670360.866666667
-31227508.71698113
-215032194.80952382
448550198.8333333
389492139.0576923
-229625875.1111111
229246208.33333334
-290814856.8
24853616.804347824
70883567.05555555
92560190.72
92343999.49019608
258311324.3043478
118048175.37931034
-114449793.04
35764058.89090909
-2318421.0217391304
13451658.783783784
-31957354.63076923
155012653.78947368
36049224.54347826
75546199.88571429
-280827137.9
-61930033.05
-8564568.538461538
-167190403.2
266049821.17857143
59021719.596491225
26744068.508474577
-147474990.22033897
-28618301.85106383
-172476431.0945946
-169650836.94827586
231228292.12121212
-96904039.42857143
627772386.4230769
84432700.13953489
44698354.9
61629053.60606061
52216655.594936706
-273239970.54901963
