8834.0,10938.0,14900.0,18423.0,18787.0,17537.0,8454.0,19908.0,8701.0,19358.0,8205.0,11024.0,18647.0,9815.0,10352.5,17689.0,19451.0,8262.0,12215.0,14550.0,16329.0,11345.0,18194.0,9805.0,8297.0,18740.0,9149.0,9869.0,14323.0,18777.0,17012.0,17279.0,13586.0,14825.5,16065.0,12300.0,14786.0,
12500.0,19528.0,14749.0,8068.0,15544.0,11249.0,14743.0,10602.0,16625.0,18669.0,18677.0,12190.0,14965.0,11186.0,17693.0,16009.0,16983.0,16492.0,15405.0,13044.0,11413.0,16329.0,8765.0,
8355.0,12079.0,10999.0,16024.0,10568.0,13671.0,9316.0,17958.0,9943.0,15917.0,17837.0,12155.0,11236.0,13885.0,13892.0,9229.0,8464.0,18135.0,18260.0,13701.0,19667.0,12396.5,9985.0,15895.0,17716.0,16473.0,19060.0,8335.0,10755.0,13175.0,8313.5,16642.0,10127.0,10994.5,15362.0,18185.0,19597.0,17187.0,9353.0,
15283.0,13120.0,13205.0,9310.0,16940.0,17908.0,11208.0,11116.0,8388.0,12058.0,10366.0,18818.0,15542.0,11098.0,10596.0,12367.0,10734.0,14758.0,14315.0,19403.0,14838.0,18250.0,15786.0,12386.0,8986.0,9444.5,14378.0,10023.0,16935.0,11846.0,11403.0,15922.0,12610.0,19380.0,16661.0,15497.0,15699.0,18231.0,8718.0,7923.0,
15189.0,10324.0,16843.0,15598.0,9886.0,8997.0,17133.0,10498.0,9131.0,19978.0,8114.0,19636.0,17281.0,19933.0,16093.0,19193.0,18587.0,11407.0,16880.0,17876.0,10085.0,15192.0,14089.0,18361.0,15152.0,12363.0,12493.0,
16448.0,9637.0,9118.0,9067.0,14421.0,18161.0,15863.0,12544.0,18145.0,9776.0,18935.0,8459.0,11739.0,12572.0,
16038.0,10526.0,10013.0,12837.0,19886.0,12272.0,10076.0,18563.0,16209.0,14531.0,9411.0,15331.0,18989.0,
13024.0,8747.0,14817.0,19780.0,13057.0,17369.0,13872.5,10376.0,10225.0,18785.0,12056.0,17899.0,16544.0,17811.0,15210.0,16621.0,14022.0,16251.0,11584.0,17096.0,12288.0,16680.0,10474.0,19891.0,
9299.0,10561.0,9934.0,19464.0,8026.0,15539.0,8052.0,11217.0,8945.0,17678.0,13649.0,10488.0,13591.0,9203.0,13537.0,17871.0,17591.0,8118.0,16074.0,12963.0,11041.0,11420.0,13684.0,12692.0,13792.0,10411.0,15099.0,14875.0,10713.0,13829.0,
15016.0,10332.0,12242.0,9365.0,16860.0,19314.0,15686.0,10855.0,16948.0,10158.5,15908.0,11597.5,15580.0,13673.5,11767.0,10925.0,13671.0,11603.0,18655.0,18223.0,17606.0,10846.0,10565.0,10445.0,10325.0,14350.0,8081.0,19560.0,13099.0,13295.0,15231.0,16294.0,13989.0,15295.0,14924.0,8991.0,
19259.0,13162.0,10151.0,16833.0,8003.0,15356.0,11474.0,17177.0,18157.0,9785.0,12635.0,19500.0,13701.0,9128.0,13856.0,13528.0,14359.0,8874.0,14939.0,17712.0,
19134.0,10820.0,19577.0,13164.0,10656.0,12406.0,8039.0,13836.0,13691.0,17487.0,14967.0,18774.0,13118.0,12856.0,19809.0,11367.0,17666.0,12722.0,8098.0,17964.0,9024.0,15043.0,16602.0,15932.0,15262.0,8802.0,16606.0,19212.0,10772.0,15541.0,9610.0,14277.0,17357.0,12081.0,9366.0,
9288.0,17727.0,10936.0,17295.0,16890.0,15345.0,14452.0,10034.0,8990.0,12449.0,15920.0,15307.0,8719.0,13610.0,18706.0,15139.0,11959.0,8779.0,12630.0,11388.0,10998.0,9536.0,15916.0,15725.0,11528.0,9826.0,8664.0,13968.0,16302.0,19291.0,16919.0,9395.0,17424.0,9111.0,18829.0,16663.0,9991.0,
14254.0,11130.0,14675.0,10099.0,11259.0,15910.0,15194.0,16752.0,14455.0,10547.0,12691.0,9969.0,15931.0,12805.5,9680.0,17706.0,11394.0,13786.0,11477.0,9955.0,8433.0,9817.0,12949.0,13337.0,11980.0,19775.0,16581.0,16809.0,
11700.0,10839.0,17042.0,14252.0,10637.0,10496.0,8686.0,9831.0,9521.0,8631.5,8291.0,13705.0,16006.0,10778.0,14468.0,13237.0,8332.0,17070.0,19393.0,9259.0,15653.0,18136.0,
13225.0,9677.0,18838.0,8053.0,13672.0,15996.0,17758.0,11911.0,12069.0,17341.0,8184.0,18099.0,8273.0,12916.0,14248.0,14282.0,10041.0,19734.0,14413.0,13211.0,17174.0,15794.0,10019.0,14153.0,8172.0,9613.0,9827.0,15751.0,8672.0,14277.0,16146.0,
9422.0,16118.0,9621.0,8616.0,16305.0,14430.0,8827.0,19957.0,9505.0,11633.0,17647.0,18264.5,18882.0,9667.0,10258.5,10850.0,12589.0,9867.0,12022.0,13674.0,17410.0,18192.0,9766.0,19897.0,11217.0,15959.0,17725.5,19492.0,16849.0,15636.0,12936.0,11781.0,13373.0,19898.0,10490.0,18982.0,11987.0,16653.0,
11588.0,17875.0,19604.0,19240.0,8229.0,13285.0,14080.0,8405.0,8900.0,11193.0,14479.0,17199.5,19920.0,16620.0,18171.0,12401.5,10508.0,17612.0,9346.5,14128.0,8478.0,10383.5,12289.0,10779.0,19943.0,17609.0,10990.0,15302.0,19614.0,8955.0,13325.0,15888.0,16189.0,15860.0,15531.0,9582.0,12951.0,11759.0,15473.0,16280.0,9044.0,17076.0,11770.0,17530.0,19060.0,12937.0,16483.0,19046.0,
13211.0,16202.0,9540.0,19583.0,17244.0,16768.0,10473.0,11270.0,8859.5,10441.0,12351.0,12236.0,14848.0,13241.0,11634.0,10782.0,8552.0,12589.0,
19023.0,14374.0,10759.0,14341.0,17584.0,19437.0,18950.0,15304.0,15688.0,16578.0,19206.0,18499.0,16154.0,14951.0,19046.0,13539.0,10191.0,11662.0,14785.0,15167.0,
18955.0,19896.0,10327.0,13658.0,9611.0,13294.0,10991.0,15100.0,15142.0,16363.0,18290.0,12944.0,19123.0,9138.0,17857.0,13812.0,11703.0,8016.0,
14493.0,19488.0,14398.0,17473.0,13654.0,18565.0,15974.0,18172.0,9952.0,13410.0,11699.0,12867.0,11058.0,9988.0,10130.0,19833.0,14827.0,12649.0,11072.0,17097.0,10421.0,19624.0,8025.0,13997.0,13609.0,19254.0,18765.0,
13309.0,18951.0,11123.0,18168.0,11023.0,17985.0,9706.0,9489.0,9272.0,8243.0,19229.0,19381.0,17264.0,16583.0,15013.0,8355.0,11655.0,11403.0,11366.0,12739.0,12204.0,14321.0,15899.0,17477.0,12947.0,18530.0,9111.0,13217.0,13552.0,10052.0,13060.0,19801.0,12874.0,13113.0,10555.0,13116.0,12379.5,11643.0,15346.0,19374.0,8862.0,10815.0,12353.0,17950.0,19264.0,16775.0,
8769.0,12113.0,17862.0,11294.0,15820.0,14798.0,8873.0,19793.0,11615.0,9009.0,8229.5,10056.0,16630.0,19180.0,9940.0,12928.0,17687.0,12437.5,11602.0,13781.0,16640.0,17166.0,19907.0,15861.0,16110.0,11259.0,19024.0,15835.0,19074.0,13538.0,17621.0,11499.0,13546.0,17473.0,11915.5,9583.0,15885.0,17134.0,12230.0,15499.0,11292.0,11328.0,8651.0,12210.0,11114.0,10018.0,13648.0,18901.0,9920.0,14443.0,
16651.0,15296.0,19799.0,14056.0,12028.0,16385.0,9551.0,11263.0,9626.0,16115.0,12915.0,15952.0,18989.0,15214.5,11440.0,11391.0,8438.0,10502.5,12567.0,19720.0,10124.5,15242.0,12547.0,13154.5,13762.0,12892.0,19443.0,19635.0,12623.0,17363.0,
13482.0,12013.0,12433.0,13414.0,8139.0,14687.0,10493.0,9026.0,11712.0,13951.0,14120.0,16761.0,11444.0,16104.0,18569.0,8636.0,13725.0,18814.0,12096.0,15802.0,19069.0,17305.0,10983.0,17987.0,19643.0,18604.0,14108.5,9613.0,14653.0,11875.0,10887.0,17313.0,16076.0,
11914.0,16180.0,16827.0,13446.0,12874.0,18475.0,17366.0,19819.0,12768.0,11127.0,8104.0,17565.0,9928.5,19971.0,8738.0,13588.5,18439.0,12525.5,19304.0,10370.0,11662.0,14443.0,13117.0,18893.0,10242.0,11457.0,8909.0,18574.0,9862.0,19868.0,9291.0,18622.0,9645.0,17106.0,10742.0,11511.0,10641.0,10518.0,
14605.0,18583.0,16779.0,19830.0,18999.0,18774.0,17646.0,17958.0,13758.0,9960.0,16310.0,9690.0,14555.0,13570.0,14592.0,13795.0,10843.0,12834.0,14825.0,19322.0,16210.0,8869.0,13132.0,8825.0,15244.0,17156.0,19205.0,19126.0,12283.0,10900.0,8106.0,14152.0,9518.0,18524.0,16753.0,9232.0,11433.0,9033.0,10524.0,18547.0,19467.0,17100.0,15166.0,13026.0,18919.0,13886.0,
18289.0,17051.0,15030.0,16896.0,19102.0,13263.0,8531.5,9732.0,13053.0,15943.5,18834.0,10071.0,9059.0,13648.0,17769.0,
8503.0,15654.0,10951.0,11542.0,15900.0,19199.0,9470.0,15284.0,11429.0,17397.0,14246.0,19309.0,8638.0,9506.5,14789.0,17137.0,10837.0,19196.0,10061.0,13706.0,14986.0,16888.0,10196.0,15936.0,18353.0,11267.0,11533.0,18890.0,16033.0,9193.0,16945.0,12199.0,14613.0,19729.0,15868.0,19606.0,19771.0,18083.0,9782.0,18640.0,9082.0,14788.0,18962.0,8109.0,17279.0,19614.0,16566.0,
13859.0,13702.0,16217.0,14365.0,8916.0,13388.0,18192.0,17414.0,13594.0,11702.0,11262.0,14141.0,15601.0,17561.0,9869.0,10607.0,12143.0,16860.0,10312.0,8166.0,15480.0,17689.0,9129.0,9879.0,14439.0,11557.0,13185.0,8421.0,8268.0,10314.0,11443.0,12491.0,13160.0,14908.0,9912.0,16927.0,19911.0,8191.0,9307.0,18386.0,8437.0,
16023.0,13472.0,11009.0,8827.0,11219.0,19070.0,12469.0,18348.0,19939.0,19191.0,11394.0,16995.0,9700.0,19416.0,17605.0,14527.0,18993.0,19421.5,19850.0,11488.0,12861.0,17012.0,15105.0,17281.0,
9415.0,12272.0,16648.0,17139.0,13539.0,19798.0,19445.0,14188.0,8931.0,11395.0,17452.0,11583.0,9206.0,12204.0,14149.0,14486.0,19171.0,11333.0,8917.0,16616.0,
9774.0,17608.0,10175.0,14090.0,16711.0,16918.0,19485.0,15078.0,16576.0,12775.0,11821.0,7932.5,19643.0,19716.0,14117.0,8518.0,19384.0,18559.5,17735.0,8440.0,10173.0,15932.0,15484.0,19231.0,8624.0,10189.0,9497.0,8727.0,10639.0,19600.0,12216.0,19904.0,12368.0,19305.0,11483.0,14459.0,18437.0,10703.0,16380.0,17863.0,9624.0,8564.0,16001.0,19764.0,18940.0,13422.5,11398.5,14892.0,14907.0,8977.0,19718.0,10683.0,
17553.0,18044.0,16225.0,19168.0,18016.0,14235.0,16842.0,11112.0,13449.0,13748.0,12058.0,11782.0,19687.0,11191.0,8057.0,13969.0,14394.0,17858.0,9598.0,
19637.0,16559.0,16050.0,13260.0,17227.0,12549.0,16484.0,10743.0,10227.0,10096.0,16769.0,19472.0,10690.0,19865.0,8261.0,13013.0,
16343.0,8591.0,12553.0,11390.0,8573.0,8193.0,14213.0,16271.0,9374.0,13546.0,13369.0,9418.0,10208.0,10028.0,12113.0,19141.0,18211.0,18801.0,19391.0,18378.0,17675.0,18438.0,15668.0,9899.0,
15132.0,11721.0,8547.0,16475.0,8693.0,18110.0,16449.5,14789.0,19335.0,14448.0,14919.0,12006.0,19768.0,12349.0,14404.0,9969.0,16589.0,9699.0,11725.0,13714.0,9656.0,9825.0,12485.0,13756.0,10616.0,9332.0,13292.0,14421.0,10935.0,8808.0,17283.0,13443.0,11392.0,9104.0,16913.0,16566.0,12938.0,11649.0,
18837.0,8759.0,19047.0,13464.0,10425.0,18223.0,16060.0,14118.0,14285.0,8191.5,9013.0,8635.5,8258.0,8397.0,17206.0,14004.0,19616.0,18826.0,17862.0,18670.0,19676.0,14212.0,13961.0,19064.0,14722.0,10380.0,11125.0,12436.0,
13183.0,17517.0,17448.0,16827.0,13114.0,12403.0,11512.0,11596.0,17806.0,18721.0,14450.0,11759.0,13742.0,15225.0,8148.0,18506.0,
13375.0,15547.0,16207.0,7932.0,15111.0,10696.0,18672.0,8464.0,10320.0,18832.0,15222.0,17775.0,13449.0,15489.0,11499.0,14232.0,9689.0,10967.0,9929.0,12051.0,10211.0,19589.0,11519.0,11169.0,8942.0,15165.0,11403.5,7972.0,10384.0,15334.0,14604.0,10555.0,17969.0,11610.0,14725.0,19282.0,8045.0,17960.0,10944.0,10412.0,10497.0,10602.0,
18765.0,18929.0,17477.0,18142.0,17144.0,13959.0,19934.0,19321.0,13454.0,10996.0,11719.0,11600.0,17622.0,18774.0,19926.0,11798.0,16211.0,9777.0,10202.0,10361.0,12585.0,13031.0,12880.0,11242.0,8213.0,10855.0,17432.0,13945.0,14133.0,9880.0,13442.0,8214.0,
17795.0,14143.0,18408.0,9248.0,15564.0,8461.0,19325.0,8749.0,11147.0,18273.0,14981.0,
19190.0,8539.0,17715.0,14700.0,9095.0,15393.0,8537.0,10139.0,16952.0,12222.0,19479.0,14127.0,12702.0,8972.0,9589.0,8219.0,11324.0,19343.0,10293.0,9512.0,18828.0,19738.0,9204.0,9326.0,14131.0,11695.0,18573.0,8507.0,17102.0,8400.0,12208.0,16204.0,11810.0,10078.0,14924.0,12447.0,9893.0,11644.0,
13806.0,18645.0,11062.0,19917.0,16522.0,17967.0,13036.0,17062.0,10810.0,17752.0,19956.0,14532.0,11291.0,10737.0,16905.0,15872.0,14088.0,18401.0,8639.0,9408.0,16926.0,9873.0,11998.0,14835.0,14174.0,16196.0,15856.0,
8016.0,13676.0,12839.0,8160.0,15500.0,12444.0,14597.0,14256.0,15414.0,10088.0,11945.0,15875.0,16041.0,10237.0,15095.0,19953.0,16055.0,16191.0,19081.0,10470.0,15294.0,9490.0,13078.0,16810.0,15686.0,13212.0,15595.0,
14456.0,8650.0,12777.0,11318.0,15017.0,13897.0,18169.0,12972.0,17690.0,13887.0,12652.0,19330.0,12566.0,14804.0,17042.0,16281.0,15520.0,15899.0,13495.0,9228.0,8603.0,15361.0,9489.0,16377.0,12448.0,17909.0,13944.5,9980.0,10369.0,17731.0,14903.0,12403.0,11245.0,13285.0,9492.0,12340.0,18287.0,12690.0,8552.0,8693.0,10247.0,11801.0,19353.0,8607.5,13926.0,12169.0,9215.0,
19196.0,8195.0,9690.0,16670.0,17190.0,17098.0,11999.0,16185.0,18744.0,8277.0,15079.0,19982.0,17110.0,13587.0,
7935.0,16724.0,17880.0,19550.0,15683.0,16366.0,19206.0,17164.0,13160.0,8073.0,11938.0,9244.0,19440.0,11196.0,18172.0,8393.0,11951.0,13048.0,16908.0,10031.0,12414.0,16125.0,9632.0,12808.0,15047.0,10145.0,14465.0,12876.0,18543.0,18938.0,15382.0,17758.0,13395.0,11124.0,17952.0,18789.0,
11055.0,19021.0,9408.0,15042.0,17099.0,14671.0,15633.0,10552.0,16906.0,9409.0,17175.0,14268.0,18001.0,9042.0,8264.0,14995.0,18723.0,12744.0,8890.0,14830.0,13241.0,17562.0,16589.0,15616.0,11769.5,7923.0,18336.0,18174.0,13937.0,18787.0,15594.0,11394.0,15810.0,9435.0,16275.0,8039.0,
19848.0,13889.0,18370.0,19196.0,11573.0,10226.0,18342.0,13354.0,10600.0,15297.0,18099.0,19113.0,16594.0,10112.0,18549.0,12719.0,9851.0,12772.0,
15660.0,15444.0,10803.0,10757.0,12603.0,10398.0,12835.0,10078.0,16507.0,9395.0,14563.0,11870.0,9353.0,19779.0,10788.0,8432.0,15305.0,
16355.0,13642.0,9544.0,19475.0,18557.0,19798.0,17339.0,16249.0,14589.0,8424.0,12479.0,14070.0,11789.5,9509.0,18600.0,14626.0,8498.0,9669.0,14556.0,12129.0,8083.0,
11677.0,12796.0,13178.0,17610.0,8289.0,8232.0,8175.0,12855.0,10411.0,13246.0,13071.0,11271.0,10161.0,18285.0,11554.0,11717.5,11881.0,13258.0,11543.0,9828.0,10347.0,8722.0,9900.0,12755.0,18496.0,9194.0,11031.0,
11691.0,14732.0,11477.0,15303.0,11393.0,10684.0,13591.0,16662.0,17333.0,8805.0,9586.0,8354.0,9072.0,17085.0,8847.0,14322.0,
9375.0,19871.0,11713.0,18656.0,18306.0,12922.0,13482.0,13380.0,13730.0,13610.0,14280.0,18452.0,12203.0,17398.0,
15465.0,19254.0,9033.0,13329.0,16980.0,16166.0,18648.0,8045.0,12788.0,8491.0,17859.0,8090.0,9068.0,11707.0,12048.5,12390.0,14474.0,9916.0,19138.0,19053.0,16740.0,9542.0,17850.0,18537.0,19224.0,17543.0,17132.0,10466.0,18937.0,19509.0,14018.0,15974.0,14901.0,9314.0,10743.0,19931.0,10016.0,13580.0,17340.0,10075.0,10751.0,14026.0,9598.0,18239.0,
16957.0,16370.0,8581.0,9846.0,16313.0,8742.0,17814.0,19463.0,16330.0,16565.0,8427.0,10783.0,13139.0,19535.0,15218.0,13150.0,10398.0,12878.0,19922.0,12999.0,19052.0,
15577.0,13985.0,12065.0,12916.0,11140.0,13075.0,12867.0,8389.0,18031.0,9909.0,17223.0,17052.0,14884.0,11933.0,17604.0,9848.0,15594.0,15515.0,9105.0,19469.0,16081.0,13807.0,13362.0,16904.0,18321.0,14241.0,18948.0,10207.0,12354.0,15160.0,17966.0,16086.0,14346.0,12370.0,8696.0,13583.0,9392.0,14361.0,18642.0,15408.0,
13097.0,14546.0,11240.0,18320.0,19892.0,9996.0,8286.0,14413.0,16528.0,10184.0,10562.0,13425.0,19911.0,13611.0,17657.0,12722.5,12437.5,17087.0,14519.0,11613.0,16780.0,11522.0,13094.0,19447.0,10274.0,16536.0,10720.0,11790.5,17867.0,15347.0,13927.0,11558.0,17242.0,17867.0,18226.0,18698.0,15273.0,11080.0,16139.0,16853.0,11977.0,13120.0,13719.0,15269.0,11667.0,9586.0,
14127.0,15311.0,14944.0,16077.0,9770.0,14607.0,18203.0,19672.0,8643.0,9040.0,13249.0,13152.0,19947.0,11319.0,15263.0,15765.0,15378.0,18387.0,16315.0,19658.0,11743.5,16704.0,11863.0,8678.0,
13949.0,15770.0,12563.0,13601.0,16776.0,12901.0,14227.0,11350.0,9848.0,11108.0,8345.0,8775.0,8872.0,8969.0,11136.0,19995.0,8468.0,12619.0,13025.0,15856.0,8088.5,12257.0,12291.0,18449.0,15521.0,11399.0,12286.0,15143.0,13413.0,16515.0,
11592.0,14552.0,15011.0,16569.0,9134.0,9189.0,12165.0,8033.0,11470.0,8572.0,17283.0,14889.5,12496.0,18632.0,18457.0,16197.0,13937.0,13347.0,8282.0,15698.0,19808.0,16634.0,12337.0,11544.0,17406.0,16484.0,10566.0,10991.0,16290.0,16103.0,15916.0,11929.0,15046.0,11107.0,14835.0,
19188.0,9325.0,10290.0,12102.0,17693.0,18679.0,17900.0,13408.0,12475.0,9048.0,19023.0,11214.0,13130.0,9754.0,19136.0,19433.0,14545.0,11497.0,
13997.0,10066.0,13230.0,14124.0,18244.0,9942.0,12532.0,12282.0,12998.0,8690.0,19458.0,10459.0,12252.0,11624.0,19793.0,8391.0,17038.0,16691.0,11645.0,10106.0,8952.0,10194.0,17007.0,13543.0,
9309.0,7933.0,19666.0,9027.0,14386.0,16443.0,9494.0,8008.0,10803.0,19662.0,14163.0,10229.0,8400.0,12009.0,10138.0,13463.0,11747.0,8144.0,16693.0,13723.0,16838.5,19954.0,11325.0,10369.0,9413.0,11622.0,13832.0,18582.0,15510.0,14462.0,8572.0,8020.0,15250.0,12049.0,19528.0,
17489.0,9163.0,17886.0,12971.0,9468.0,15459.0,13891.0,10513.0,14490.0,13034.0,16707.0,8365.0,18068.0,17414.0,13258.0,8051.0,10827.0,11631.0,16682.0,17493.0,13920.0,11864.0,19256.0,15254.0,16756.0,8045.0,19883.0,8183.0,8772.0,10441.0,16713.0,12912.0,9111.0,14768.0,18074.0,16972.0,18689.0,19607.0,9242.0,11543.0,
19764.0,16230.0,16798.0,9333.0,11949.0,11570.0,9798.0,18453.0,15599.5,12746.0,13687.0,17965.0,14978.0,13801.0,8182.0,18311.0,17361.0,9388.0,8119.0,9422.0,10725.0,10460.0,10195.0,16387.0,9696.0,14039.0,10688.0,12350.5,18192.0,14438.0,18571.0,14455.0,15389.0,15000.0,19690.0,9579.0,16750.0,12703.0,8725.5,10906.0,14368.0,9759.0,14484.0,16195.0,15624.0,10070.0,19420.0,19907.0,17090.0,
8921.0,19408.0,17883.0,16273.0,8927.0,10524.0,7998.0,17424.0,19185.0,15963.0,16158.0,15258.0,12902.0,19878.0,13128.0,13102.5,13077.0,12897.0,14984.0,12521.0,18214.0,18556.0,18673.0,19128.0,13847.0,13369.0,14786.0,9850.0,8951.0,19241.0,9181.0,8492.5,12930.5,18057.0,13717.0,12342.0,8575.0,13862.0,
8530.0,17882.0,12851.0,13375.0,8333.0,12034.0,18827.0,11090.0,9536.0,11487.0,19078.0,16717.0,9913.0,17214.0,13010.0,12367.0,9370.0,13422.5,17475.0,18396.0,18829.0,16819.0,8009.0,8604.0,10590.0,11095.0,10378.0,9867.0,14217.5,18568.0,12443.0,18928.0,19482.0,12482.0,8755.0,
13984.0,12394.0,18880.0,8812.0,12480.0,13499.0,9067.0,13941.0,10147.0,12523.0,17153.0,12463.0,13210.5,13958.0,10252.0,14301.0,18337.0,9630.0,13501.5,17373.0,9568.0,10938.0,14495.0,
16008.0,14135.0,11231.0,8001.0,16318.0,11114.0,13589.0,9275.0,16396.0,17828.0,14633.0,14729.0,17317.0,15078.0,9022.0,9681.0,9905.0,9521.0,18633.0,
17187.0,16293.0,16776.0,17739.0,18797.0,15707.0,16737.0,9549.0,14159.0,19964.0,14407.0,19966.0,11412.0,16881.0,16810.0,18893.0,16772.0,18791.0,16075.0,14696.0,10111.0,16777.0,17514.0,
12478.0,9730.0,14091.0,18952.0,18904.0,10427.0,12361.0,16081.0,18290.0,9159.0,15274.0,15474.0,13527.0,15342.5,17158.0,9041.0,9224.0,14272.0,13530.0,13824.0,15894.0,14809.0,10122.0,15430.0,15401.0,12417.0,18317.0,18489.0,14316.0,10687.0,16388.0,17638.0,15537.0,10273.0,12597.0,9314.0,11042.0,
11907.0,17829.0,18732.0,13300.0,13118.0,12224.0,11330.0,10680.0,17087.0,13578.0,19468.0,8645.0,15280.0,9582.0,14250.0,14050.0,16268.0,9077.0,17893.0,12173.0,17792.0,16590.0,16974.0,17267.0,17560.0,9752.0,8978.0,18222.0,10839.0,10587.0,11048.0,16734.0,15888.0,17897.0,11793.0,12507.0,16799.0,9972.5,10845.0,14944.0,8784.5,13265.0,12213.0,19468.0,16463.0,14668.0,12817.0,
14870.0,18003.0,11157.0,13933.0,13934.0,17515.0,9438.0,15716.0,16086.0,14315.0,17645.0,19335.0,11076.5,12676.0,12467.0,9767.5,9744.0,17387.0,19438.0,8694.0,14263.0,19832.0,13679.0,9546.0,13036.0,17974.0,14245.0,8937.0,10753.0,14867.0,9561.0,13648.0,
8133.0,14600.0,18381.0,13357.0,18774.0,16250.0,10298.0,15375.0,16696.0,13981.0,17679.0,10115.0,11899.0,19883.0,10908.0,12287.0,13666.0,12266.0,11214.0,9946.0,15792.0,10817.0,12431.0,8747.0,19285.0,
16052.0,11031.0,14646.0,8345.0,9182.0,11345.0,16651.0,8929.0,14088.0,9093.0,8911.0,8729.0,14703.0,9243.0,13441.0,15631.0,12373.0,9943.0,10713.0,17413.0,13613.0,13869.5,14126.0,13361.0,8627.0,10061.0,8286.0,19219.0,13051.0,17329.0,8797.0,19920.0,18675.0,11637.0,16563.0,8878.0,13925.0,11820.0,14210.5,16601.0,12910.0,8687.0,18171.0,19031.0,18259.0,13432.0,8712.5,15462.0,17263.0,9051.0,16045.0,18797.0,13045.0,12919.0,11763.0,
9700.0,13814.0,17663.0,14691.0,8570.0,19895.0,13036.0,18946.0,17219.0,16167.0,8364.0,9267.0,10170.0,11151.0,11207.0,17195.0,13894.0,10053.0,9320.0,15586.0,15737.0,10064.0,15936.0,10342.0,18542.0,19591.0,9093.0,19088.0,19621.0,11034.0,10285.0,18857.0,9860.0,13960.0,
14569.0,15724.0,17843.0,17951.0,10814.0,10745.0,11141.0,13784.0,16794.0,15634.0,14474.0,9926.0,17808.0,9586.0,11007.0,8470.0,15389.0,13200.0,12725.0,9841.0,11835.0,14987.0,12927.0,19959.0,19048.0,11460.0,8303.0,9837.0,11371.0,15264.0,8401.0,18074.0,12403.0,9511.0,13483.0,17455.0,11964.0,11046.0,11915.0,
10582.0,17741.0,12901.0,10895.0,16454.0,10788.0,18306.0,10898.0,19128.0,14486.0,11101.0,13870.0,17419.0,18144.0,11332.0,9846.5,8361.0,9208.0,10055.0,14576.0,8041.0,11259.0,11033.0,16465.0,11431.0,10245.0,12041.0,10030.0,17531.0,17880.0,
15933.0,18136.0,10126.0,16673.0,13054.0,8593.0,13250.0,17271.0,14915.0,17214.0,16614.0,8638.0,11235.0,16952.0,13064.0,9437.0,13296.0,13817.0,17285.0,11683.0,10255.0,10034.0,16925.0,17169.0,16896.0,15358.0,16892.0,10984.0,16751.0,12005.0,10788.0,13986.0,13918.0,9719.0,8982.0,15253.0,17256.0,13592.0,12393.0,19461.0,13089.0,18999.0,17290.0,14080.0,
13115.0,13645.0,10310.0,13556.0,19451.0,14910.0,8370.0,13154.0,9608.0,12199.0,14265.0,12911.0,16651.0,17456.0,18386.0,19057.0,19697.0,16580.0,12392.0,12993.0,12605.0,19939.0,19159.0,11368.5,11813.0,14085.0,16357.0,14768.0,16062.0,17356.0,17723.0,13265.0,9259.0,12840.0,18244.0,13187.0,13247.0,16083.0,18919.0,17477.0,13693.5,9910.0,10178.0,16378.0,17978.0,11331.0,9926.0,17100.0,17760.0,18420.0,17150.0,11695.0,19982.0,
9533.0,19597.0,17927.0,14450.0,12103.0,16740.0,16824.0,9010.0,8957.0,9146.0,14670.0,14241.0,14055.0,13624.5,13194.0,11128.0,16022.0,14012.0,11605.0,8866.5,12939.0,19406.0,13280.0,13536.0,16613.0,16116.5,15620.0,14537.0,14931.0,10763.0,9704.0,13448.0,18829.0,19705.0,16780.0,13855.0,9842.0,13752.0,14575.0,8783.0,17117.0,15459.0,17372.5,19286.0,9827.0,11795.0,13669.0,10634.0,
8282.0,8982.0,14780.0,14162.0,9847.0,12377.0,7934.0,14781.0,8148.0,12136.0,16090.0,16040.0,10579.0,16124.0,15388.0,10055.0,9930.0,
12676.0,14387.0,8328.0,19766.0,17214.0,19939.0,15966.0,16318.0,14460.0,13591.0,15227.0,18393.0,13640.0,9137.0,12419.0,19960.0,8642.0,9605.0,15134.0,8046.0,9318.0,10590.0,17501.0,9980.0,10747.0,10833.0,13268.0,12990.0,11443.0,9896.0,13047.5,16199.0,18438.0,8475.0,14320.0,19974.0,9787.0,15542.0,10517.0,12207.0,10352.0,8117.0,
13949.0,14031.0,14174.0,12047.0,17785.0,19736.0,9311.0,15958.0,8021.0,18935.0,12941.0,13080.0,16219.0,13609.0,15168.0,16727.0,15655.0,9096.0,8649.0,8202.0,14155.0,17540.0,10480.0,14004.0,8009.0,11787.0,9273.0,19926.0,11113.0,16775.0,13996.0,16247.0,16430.0,15351.0,17248.0,13254.0,10326.0,
14977.0,17327.0,13640.0,13052.0,11334.0,13357.0,16281.0,10306.0,13784.0,8418.0,19141.0,17887.0,9101.0,17853.0,13712.0,19436.0,11841.0,14353.0,16865.0,12002.0,12869.0,11409.0,14532.0,16157.0,12872.0,15467.0,
8534.0,19326.0,11717.0,15389.0,16872.0,9364.0,19303.0,10258.0,8799.0,15167.0,11685.0,15126.0,18742.0,18981.5,19221.0,16752.0,14855.0,8894.0,17823.0,
8188.0,12931.0,11486.0,15736.0,14499.0,12706.0,19695.0,10712.0,16136.0,16974.0,8104.0,15352.0,17011.0,16860.0,17916.0,14346.0,11447.0,19590.0,9406.0,9518.0,9630.0,14840.0,8243.0,11643.0,19318.0,13974.0,8630.0,18957.0,17728.0,19064.0,17539.0,9183.0,12276.0,10222.5,8169.0,15687.0,14394.0,
18779.0,10132.0,11925.0,15345.0,17823.0,11400.0,19289.0,19025.0,15484.0,14601.0,14159.0,18607.0,
18509.0,10533.0,14556.0,14344.0,16180.0,8490.0,8256.0,15089.0,8530.0,19921.0,16146.0,8190.0,14995.0,12596.5,17577.0,8276.0,15821.0,12928.0,8348.0,12912.0,15600.0,8520.0,8747.0,9863.0,14834.0,14739.0,18161.0,19812.0,12596.0,
